# tau(fm)  ecc_n(cos)  ecc_n(sin) (n=1-6)
    6.00000000e-01  4.60373066e-02  -1.32160126e-02  9.30263529e-02  -1.04868378e-01  3.15348724e-02  -1.55604492e-01  1.29032040e-02  5.89078919e-02  2.92798923e-02  7.14867775e-02  3.16518731e-01  3.55161325e-02  
    6.05000000e-01  4.59552595e-02  -1.32595570e-02  9.29440400e-02  -1.04855941e-01  3.14583287e-02  -1.55317061e-01  1.30113519e-02  5.86296991e-02  2.93619252e-02  7.13032463e-02  3.15986100e-01  3.53848624e-02  
    6.10000000e-01  4.58597405e-02  -1.32908546e-02  9.28885442e-02  -1.04878356e-01  3.14022335e-02  -1.54990588e-01  1.30864055e-02  5.82337058e-02  2.95656753e-02  7.11678540e-02  3.15356980e-01  3.52071895e-02  
    6.15000000e-01  4.57657419e-02  -1.33221865e-02  9.28343442e-02  -1.04906825e-01  3.13498604e-02  -1.54656292e-01  1.31492130e-02  5.78106830e-02  2.97966422e-02  7.10342831e-02  3.14697357e-01  3.50174588e-02  
    6.20000000e-01  4.56795863e-02  -1.33566212e-02  9.27721787e-02  -1.04931529e-01  3.12927667e-02  -1.54324093e-01  1.32147381e-02  5.73973429e-02  3.00136735e-02  7.08772607e-02  3.14044295e-01  3.48281998e-02  
    6.25000000e-01  4.56023971e-02  -1.33943620e-02  9.27012339e-02  -1.04951238e-01  3.12306313e-02  -1.53996786e-01  1.32865623e-02  5.70012006e-02  3.02079086e-02  7.06928104e-02  3.13406281e-01  3.46395365e-02  
    6.30000000e-01  4.55347505e-02  -1.34357625e-02  9.26222247e-02  -1.04965012e-01  3.11631960e-02  -1.53675021e-01  1.33648488e-02  5.66240379e-02  3.03774699e-02  7.04800428e-02  3.12785687e-01  3.44525497e-02  
    6.35000000e-01  4.54766214e-02  -1.34797581e-02  9.25351384e-02  -1.04973285e-01  3.10920593e-02  -1.53360402e-01  1.34509800e-02  5.62695505e-02  3.05176632e-02  7.02396972e-02  3.12185779e-01  3.42627538e-02  
    6.40000000e-01  4.54282274e-02  -1.35274256e-02  9.24413474e-02  -1.04975025e-01  3.10147880e-02  -1.53050824e-01  1.35433443e-02  5.59340323e-02  3.06338233e-02  6.99715245e-02  3.11602542e-01  3.40784204e-02  
    6.45000000e-01  4.53888396e-02  -1.35772895e-02  9.23402268e-02  -1.04971056e-01  3.09324428e-02  -1.52746992e-01  1.36433281e-02  5.56204166e-02  3.07223746e-02  6.96777363e-02  3.11036936e-01  3.38958124e-02  
    6.50000000e-01  4.53577155e-02  -1.36280886e-02  9.22315119e-02  -1.04962203e-01  3.08458080e-02  -1.52449339e-01  1.37516136e-02  5.53310918e-02  3.07807831e-02  6.93606314e-02  3.10489788e-01  3.37114582e-02  
    6.55000000e-01  4.53348367e-02  -1.36812510e-02  9.21169529e-02  -1.04947260e-01  3.07516564e-02  -1.52155106e-01  1.38655374e-02  5.50606515e-02  3.08169554e-02  6.90213324e-02  3.09954921e-01  3.35343822e-02  
    6.60000000e-01  4.53193581e-02  -1.37354091e-02  9.19960609e-02  -1.04926979e-01  3.06513957e-02  -1.51865201e-01  1.39858809e-02  5.48118780e-02  3.08274949e-02  6.86622058e-02  3.09434161e-01  3.33600379e-02  
    6.65000000e-01  4.53106728e-02  -1.37900954e-02  9.18691085e-02  -1.04901571e-01  3.05450203e-02  -1.51579068e-01  1.41122483e-02  5.45845978e-02  3.08132955e-02  6.82854695e-02  3.08926090e-01  3.31880060e-02  
    6.70000000e-01  4.53082527e-02  -1.38450542e-02  9.17362219e-02  -1.04871124e-01  3.04324269e-02  -1.51295662e-01  1.42441313e-02  5.43780083e-02  3.07759868e-02  6.78931008e-02  3.08428719e-01  3.30187032e-02  
    6.75000000e-01  4.53115675e-02  -1.39000808e-02  9.15973050e-02  -1.04835701e-01  3.03137242e-02  -1.51013957e-01  1.43809328e-02  5.41913778e-02  3.07169923e-02  6.74870976e-02  3.07940193e-01  3.28524107e-02  
    6.80000000e-01  4.53201580e-02  -1.39551519e-02  9.14522735e-02  -1.04795302e-01  3.01892414e-02  -1.50733070e-01  1.45221756e-02  5.40240825e-02  3.06372392e-02  6.70690932e-02  3.07459199e-01  3.26892935e-02  
    6.85000000e-01  4.53336123e-02  -1.40103187e-02  9.13011387e-02  -1.04749852e-01  3.00592191e-02  -1.50452292e-01  1.46674897e-02  5.38755555e-02  3.05374484e-02  6.66405128e-02  3.06984656e-01  3.25297398e-02  
    6.90000000e-01  4.53514952e-02  -1.40655948e-02  9.11441253e-02  -1.04699273e-01  2.99237585e-02  -1.50171095e-01  1.48163968e-02  5.37452548e-02  3.04187612e-02  6.62030643e-02  3.06515141e-01  3.23741851e-02  
    6.95000000e-01  4.53734353e-02  -1.41209847e-02  9.09816099e-02  -1.04643581e-01  2.97828764e-02  -1.49889235e-01  1.49684186e-02  5.36327679e-02  3.02825542e-02  6.57584607e-02  3.06049300e-01  3.22228543e-02  
    7.00000000e-01  4.53990447e-02  -1.41764802e-02  9.08140895e-02  -1.04582956e-01  2.96366166e-02  -1.49606553e-01  1.51230470e-02  5.35377179e-02  3.01304007e-02  6.53082184e-02  3.05585659e-01  3.20758885e-02  
    7.05000000e-01  4.54278491e-02  -1.42320924e-02  9.06419484e-02  -1.04517635e-01  2.94850415e-02  -1.49322905e-01  1.52797457e-02  5.34597004e-02  2.99638243e-02  6.48536930e-02  3.05122696e-01  3.19335979e-02  
    7.10000000e-01  4.54593874e-02  -1.42878812e-02  9.04654322e-02  -1.04447961e-01  2.93282436e-02  -1.49038174e-01  1.54382171e-02  5.33981455e-02  2.97839548e-02  6.43958749e-02  3.04659381e-01  3.17962739e-02  
    7.15000000e-01  4.54933023e-02  -1.43438643e-02  9.02848416e-02  -1.04374323e-01  2.91663220e-02  -1.48752283e-01  1.55983107e-02  5.33525023e-02  2.95916013e-02  6.39354490e-02  3.04194944e-01  3.16641925e-02  
    7.20000000e-01  4.55292558e-02  -1.44000477e-02  9.01005172e-02  -1.04297008e-01  2.89993319e-02  -1.48465072e-01  1.57597459e-02  5.33223098e-02  2.93876804e-02  6.34731214e-02  3.03728393e-01  3.15377636e-02  
    7.25000000e-01  4.55669321e-02  -1.44564565e-02  8.99127677e-02  -1.04216305e-01  2.88272388e-02  -1.48176274e-01  1.59222800e-02  5.33069619e-02  2.91734375e-02  6.30096956e-02  3.03258521e-01  3.14173410e-02  
    7.30000000e-01  4.56060501e-02  -1.45131506e-02  8.97219127e-02  -1.04132448e-01  2.86500172e-02  -1.47885760e-01  1.60857515e-02  5.33058030e-02  2.89499798e-02  6.25460731e-02  3.02784029e-01  3.13029633e-02  
    7.35000000e-01  4.56463447e-02  -1.45701616e-02  8.95282367e-02  -1.04045639e-01  2.84676181e-02  -1.47593413e-01  1.62500459e-02  5.33183319e-02  2.87181316e-02  6.20831488e-02  3.02303839e-01  3.11948437e-02  
    7.40000000e-01  4.56875955e-02  -1.46274325e-02  8.93319516e-02  -1.03956143e-01  2.82800536e-02  -1.47299032e-01  1.64149325e-02  5.33441008e-02  2.84787929e-02  6.16217187e-02  3.01817134e-01  3.10930965e-02  
    7.45000000e-01  4.57295730e-02  -1.46849092e-02  8.91333170e-02  -1.03864269e-01  2.80874893e-02  -1.47002483e-01  1.65800943e-02  5.33824795e-02  2.82330938e-02  6.11624756e-02  3.01323038e-01  3.09977004e-02  
    7.50000000e-01  4.57719765e-02  -1.47425873e-02  8.89326084e-02  -1.03770368e-01  2.78901015e-02  -1.46703536e-01  1.67452352e-02  5.34327624e-02  2.79821623e-02  6.07061712e-02  3.00820516e-01  3.09086887e-02  
    7.55000000e-01  4.58144811e-02  -1.48004170e-02  8.87300211e-02  -1.03674820e-01  2.76880116e-02  -1.46401877e-01  1.69101446e-02  5.34943097e-02  2.77270364e-02  6.02534454e-02  3.00308715e-01  3.08260911e-02  
    7.60000000e-01  4.58568390e-02  -1.48582780e-02  8.85258038e-02  -1.03578000e-01  2.74814072e-02  -1.46097419e-01  1.70745835e-02  5.35665583e-02  2.74684239e-02  5.98047729e-02  2.99787227e-01  3.07499104e-02  
    7.65000000e-01  4.58988674e-02  -1.49160287e-02  8.83203378e-02  -1.03480203e-01  2.72704743e-02  -1.45790363e-01  1.72381740e-02  5.36489827e-02  2.72068797e-02  5.93604918e-02  2.99255883e-01  3.06800815e-02  
    7.70000000e-01  4.59403515e-02  -1.49734641e-02  8.81140202e-02  -1.03381640e-01  2.70553881e-02  -1.45480858e-01  1.74005829e-02  5.37411273e-02  2.69428828e-02  5.89209507e-02  2.98714648e-01  3.06164992e-02  
    7.75000000e-01  4.59810403e-02  -1.50303783e-02  8.79072481e-02  -1.03282626e-01  2.68364021e-02  -1.45168984e-01  1.75615284e-02  5.38423366e-02  2.66770532e-02  5.84865607e-02  2.98163404e-01  3.05587351e-02  
    7.80000000e-01  4.60207091e-02  -1.50866752e-02  8.77002255e-02  -1.03183509e-01  2.66138426e-02  -1.44854657e-01  1.77209706e-02  5.39517852e-02  2.64100339e-02  5.80573834e-02  2.97601881e-01  3.05066772e-02  
    7.85000000e-01  4.60591975e-02  -1.51421949e-02  8.74931014e-02  -1.03084583e-01  2.63879992e-02  -1.44537801e-01  1.78788968e-02  5.40687681e-02  2.61423236e-02  5.76333687e-02  2.97029769e-01  3.04605157e-02  
    7.90000000e-01  4.60963787e-02  -1.51967061e-02  8.72860513e-02  -1.02986099e-01  2.61591097e-02  -1.44218454e-01  1.80351945e-02  5.41927698e-02  2.58744910e-02  5.72146920e-02  2.96446888e-01  3.04202984e-02  
    7.95000000e-01  4.61321499e-02  -1.52500336e-02  8.70791892e-02  -1.02888236e-01  2.59274182e-02  -1.43896666e-01  1.81896254e-02  5.43232484e-02  2.56071701e-02  5.68015734e-02  2.95853230e-01  3.03857865e-02  
    8.00000000e-01  4.61664401e-02  -1.53020676e-02  8.68726466e-02  -1.02791101e-01  2.56932119e-02  -1.43572523e-01  1.83419473e-02  5.44596114e-02  2.53407780e-02  5.63941219e-02  2.95249044e-01  3.03566795e-02  
    8.05000000e-01  4.61991821e-02  -1.53527063e-02  8.66665937e-02  -1.02694731e-01  2.54567618e-02  -1.43246128e-01  1.84920231e-02  5.46013725e-02  2.50756358e-02  5.59923914e-02  2.94634858e-01  3.03325030e-02  
    8.10000000e-01  4.62303022e-02  -1.54018152e-02  8.64610668e-02  -1.02599180e-01  2.52182954e-02  -1.42917488e-01  1.86397574e-02  5.47480583e-02  2.48121065e-02  5.55964195e-02  2.94010978e-01  3.03126825e-02  
    8.15000000e-01  4.62597241e-02  -1.54492687e-02  8.62560007e-02  -1.02504493e-01  2.49780982e-02  -1.42586561e-01  1.87850791e-02  5.48991758e-02  2.45505384e-02  5.52062353e-02  2.93377538e-01  3.02968488e-02  
    8.20000000e-01  4.62873714e-02  -1.54949466e-02  8.60512894e-02  -1.02410682e-01  2.47364685e-02  -1.42253278e-01  1.89279044e-02  5.50541704e-02  2.42913166e-02  5.48217681e-02  2.92734791e-01  3.02845331e-02  
    8.25000000e-01  4.63131594e-02  -1.55386864e-02  8.58468147e-02  -1.02317743e-01  2.44936413e-02  -1.41917622e-01  1.90681181e-02  5.52124609e-02  2.40350498e-02  5.44431232e-02  2.92082919e-01  3.02753294e-02  
    8.30000000e-01  4.63369752e-02  -1.55803316e-02  8.56424453e-02  -1.02225559e-01  2.42497840e-02  -1.41579583e-01  1.92055477e-02  5.53734918e-02  2.37821580e-02  5.40705279e-02  2.91422183e-01  3.02692393e-02  
    8.35000000e-01  4.63587698e-02  -1.56197012e-02  8.54381923e-02  -1.02133955e-01  2.40050761e-02  -1.41239316e-01  1.93398981e-02  5.55367638e-02  2.35327891e-02  5.37040325e-02  2.90753060e-01  3.02662522e-02  
    8.40000000e-01  4.63785889e-02  -1.56566625e-02  8.52341142e-02  -1.02042799e-01  2.37598035e-02  -1.40897095e-01  1.94709495e-02  5.57017309e-02  2.32871524e-02  5.33433573e-02  2.90076086e-01  3.02658845e-02  
    8.45000000e-01  4.63964323e-02  -1.56911461e-02  8.50301938e-02  -1.01951980e-01  2.35142631e-02  -1.40553136e-01  1.95985769e-02  5.58677632e-02  2.30453535e-02  5.29883637e-02  2.89391799e-01  3.02677233e-02  
    8.50000000e-01  4.64122307e-02  -1.57231642e-02  8.48262467e-02  -1.01861359e-01  2.32686092e-02  -1.40207399e-01  1.97228029e-02  5.60344110e-02  2.28073496e-02  5.26389336e-02  2.88700664e-01  3.02717762e-02  
    8.55000000e-01  4.64259101e-02  -1.57526987e-02  8.46220910e-02  -1.01770673e-01  2.30229314e-02  -1.39859888e-01  1.98436198e-02  5.62014677e-02  2.25732475e-02  5.22951425e-02  2.88003221e-01  3.02780702e-02  
    8.60000000e-01  4.64374168e-02  -1.57796611e-02  8.44176740e-02  -1.01679626e-01  2.27773567e-02  -1.39510677e-01  1.99608599e-02  5.63687036e-02  2.23432797e-02  5.19573404e-02  2.87299889e-01  3.02862793e-02  
    8.65000000e-01  4.64466875e-02  -1.58039423e-02  8.42131099e-02  -1.01588052e-01  2.25319961e-02  -1.39159880e-01  2.00742068e-02  5.65358991e-02  2.21177709e-02  5.16258134e-02  2.86590881e-01  3.02959720e-02  
    8.70000000e-01  4.64536783e-02  -1.58254767e-02  8.40084814e-02  -1.01495805e-01  2.22869670e-02  -1.38807621e-01  2.01833826e-02  5.67027203e-02  2.18970415e-02  5.13007211e-02  2.85876371e-01  3.03067676e-02  
    8.75000000e-01  4.64584102e-02  -1.58442717e-02  8.38038921e-02  -1.01402669e-01  2.20425046e-02  -1.38454069e-01  2.02882566e-02  5.68687447e-02  2.16811326e-02  5.09820463e-02  2.85156700e-01  3.03183269e-02  
    8.80000000e-01  4.64608671e-02  -1.58603899e-02  8.35992838e-02  -1.01308319e-01  2.17987704e-02  -1.38099208e-01  2.03886610e-02  5.70337027e-02  2.14698304e-02  5.06698089e-02  2.84432359e-01  3.03306581e-02  
    8.85000000e-01  4.64609352e-02  -1.58738460e-02  8.33944389e-02  -1.01212372e-01  2.15557393e-02  -1.37742923e-01  2.04843623e-02  5.71975056e-02  2.12629817e-02  5.03645031e-02  2.83703636e-01  3.03441193e-02  
    8.90000000e-01  4.64585929e-02  -1.58846856e-02  8.31891912e-02  -1.01114566e-01  2.13135053e-02  -1.37385248e-01  2.05752183e-02  5.73599542e-02  2.10606347e-02  5.00664831e-02  2.82970595e-01  3.03588937e-02  
    8.95000000e-01  4.64540439e-02  -1.58930053e-02  8.29835831e-02  -1.01014841e-01  2.10724037e-02  -1.37026508e-01  2.06611533e-02  5.75204289e-02  2.08629879e-02  4.97754721e-02  2.82233145e-01  3.03744507e-02  
    9.00000000e-01  4.64473514e-02  -1.58988690e-02  8.27777198e-02  -1.00913090e-01  2.08325063e-02  -1.36666888e-01  2.07421985e-02  5.76785644e-02  2.06700558e-02  4.94912586e-02  2.81491481e-01  3.03902591e-02  
    9.05000000e-01  4.64385030e-02  -1.59023474e-02  8.25716905e-02  -1.00809180e-01  2.05937606e-02  -1.36306475e-01  2.08184076e-02  5.78341783e-02  2.04817432e-02  4.92138102e-02  2.80745994e-01  3.04059010e-02  
    9.10000000e-01  4.64276085e-02  -1.59034960e-02  8.23656960e-02  -1.00703011e-01  2.03562902e-02  -1.35945583e-01  2.08896294e-02  5.79869164e-02  2.02978361e-02  4.89430874e-02  2.79996913e-01  3.04207409e-02  
    9.15000000e-01  4.64146699e-02  -1.59023900e-02  8.21596385e-02  -1.00594338e-01  2.01201857e-02  -1.35584212e-01  2.09558148e-02  5.81365881e-02  2.01181181e-02  4.86792324e-02  2.79244331e-01  3.04348293e-02  
    9.20000000e-01  4.63997586e-02  -1.58991477e-02  8.19535810e-02  -1.00483036e-01  1.98857839e-02  -1.35222605e-01  2.10169488e-02  5.82827695e-02  1.99425066e-02  4.84222972e-02  2.78488440e-01  3.04479699e-02  
    9.25000000e-01  4.63830143e-02  -1.58938837e-02  8.17477654e-02  -1.00369101e-01  1.96534633e-02  -1.34861243e-01  2.10730282e-02  5.84249556e-02  1.97709549e-02  4.81721090e-02  2.77729463e-01  3.04596755e-02  
    9.30000000e-01  4.63644043e-02  -1.58866066e-02  8.15422503e-02  -1.00252455e-01  1.94232524e-02  -1.34500272e-01  2.11238076e-02  5.85630690e-02  1.96033952e-02  4.79289198e-02  2.76967446e-01  3.04699301e-02  
    9.35000000e-01  4.63439589e-02  -1.58773318e-02  8.13371501e-02  -1.00133064e-01  1.91952761e-02  -1.34139860e-01  2.11691184e-02  5.86968853e-02  1.94398089e-02  4.76928768e-02  2.76202610e-01  3.04785702e-02  
    9.40000000e-01  4.63217845e-02  -1.58660745e-02  8.11326395e-02  -1.00010891e-01  1.89697324e-02  -1.33780239e-01  2.12089210e-02  5.88262154e-02  1.92802287e-02  4.74640162e-02  2.75435240e-01  3.04854541e-02  
    9.45000000e-01  4.62978203e-02  -1.58528216e-02  8.09287346e-02  -9.98858052e-02  1.87466398e-02  -1.33421381e-01  2.12431761e-02  5.89511348e-02  1.91246550e-02  4.72426592e-02  2.74665385e-01  3.04907082e-02  
    9.50000000e-01  4.62720508e-02  -1.58375882e-02  8.07254603e-02  -9.97577483e-02  1.85261303e-02  -1.33063369e-01  2.12718934e-02  5.90715965e-02  1.89730398e-02  4.70289791e-02  2.73893209e-01  3.04943390e-02  
    9.55000000e-01  4.62443848e-02  -1.58203810e-02  8.05226598e-02  -9.96265845e-02  1.83082410e-02  -1.32705944e-01  2.12950679e-02  5.91878419e-02  1.88251081e-02  4.68232832e-02  2.73118989e-01  3.04969674e-02  
    9.60000000e-01  4.62148021e-02  -1.58012489e-02  8.03202668e-02  -9.94922924e-02  1.80929984e-02  -1.32349026e-01  2.13127531e-02  5.92998665e-02  1.86805977e-02  4.66256113e-02  2.72342872e-01  3.04987953e-02  
    9.65000000e-01  4.61833869e-02  -1.57802620e-02  8.01183558e-02  -9.93549261e-02  1.78805216e-02  -1.31992762e-01  2.13251048e-02  5.94074331e-02  1.85393956e-02  4.64357649e-02  2.71564972e-01  3.04995457e-02  
    9.70000000e-01  4.61502189e-02  -1.57574765e-02  7.99170990e-02  -9.92145692e-02  1.76710176e-02  -1.31637392e-01  2.13322800e-02  5.95102663e-02  1.84014687e-02  4.62534781e-02  2.70785355e-01  3.04988945e-02  
    9.75000000e-01  4.61155181e-02  -1.57330128e-02  7.97167832e-02  -9.90714544e-02  1.74649287e-02  -1.31283396e-01  2.13345997e-02  5.96076567e-02  1.82667471e-02  4.60780015e-02  2.70004175e-01  3.04960983e-02  
    9.80000000e-01  4.60794951e-02  -1.57069868e-02  7.95175362e-02  -9.89257553e-02  1.72626795e-02  -1.30931082e-01  2.13323739e-02  5.96990482e-02  1.81351317e-02  4.59087204e-02  2.69221452e-01  3.04905373e-02  
    9.85000000e-01  4.60422574e-02  -1.56794276e-02  7.93194873e-02  -9.87775837e-02  1.70645190e-02  -1.30580773e-01  2.13256109e-02  5.97842540e-02  1.80064824e-02  4.57455447e-02  2.68437483e-01  3.04818907e-02  
    9.90000000e-01  4.60037819e-02  -1.56503505e-02  7.91226669e-02  -9.86269661e-02  1.68704780e-02  -1.30232585e-01  2.13143012e-02  5.98634099e-02  1.78805928e-02  4.55885187e-02  2.67652775e-01  3.04703045e-02  
    9.95000000e-01  4.59640293e-02  -1.56197658e-02  7.89270099e-02  -9.84738916e-02  1.66804562e-02  -1.29886317e-01  2.12985117e-02  5.99368208e-02  1.77572191e-02  4.54376288e-02  2.66867578e-01  3.04560222e-02  
    1.00000000e+00  4.59227747e-02  -1.55875954e-02  7.87322502e-02  -9.83182289e-02  1.64942006e-02  -1.29541392e-01  2.12781211e-02  6.00051266e-02  1.76361684e-02  4.52935800e-02  2.66081923e-01  3.04397252e-02  
