# tau (fm)  dS/deta_s  dE/deta_s (GeV) [s] (1/fm^-3)  [r^2] (fm^2)
    6.00000000e-01  2.42751888e+03  6.31580157e+02  7.00526012e+01  9.80353882e+00
    6.05000000e-01  2.43197794e+03  6.31449718e+02  6.93936019e+01  9.80303197e+00
    6.10000000e-01  2.43577518e+03  6.31282483e+02  6.87297849e+01  9.80094469e+00
    6.15000000e-01  2.43924523e+03  6.31085899e+02  6.80686094e+01  9.79866975e+00
    6.20000000e-01  2.44253473e+03  6.30908882e+02  6.74119547e+01  9.79655380e+00
    6.25000000e-01  2.44567921e+03  6.30750778e+02  6.67615739e+01  9.79462598e+00
    6.30000000e-01  2.44870530e+03  6.30608955e+02  6.61190035e+01  9.79289518e+00
    6.35000000e-01  2.45163249e+03  6.30480416e+02  6.54855337e+01  9.79135576e+00
    6.40000000e-01  2.45448061e+03  6.30363104e+02  6.48621768e+01  9.79002547e+00
    6.45000000e-01  2.45726448e+03  6.30255497e+02  6.42497342e+01  9.78890316e+00
    6.50000000e-01  2.45999727e+03  6.30156505e+02  6.36488187e+01  9.78798726e+00
    6.55000000e-01  2.46269385e+03  6.30065695e+02  6.30598297e+01  9.78729578e+00
    6.60000000e-01  2.46536367e+03  6.29982445e+02  6.24830163e+01  9.78682206e+00
    6.65000000e-01  2.46801612e+03  6.29906325e+02  6.19184741e+01  9.78656686e+00
    6.70000000e-01  2.47065960e+03  6.29836891e+02  6.13662105e+01  9.78653224e+00
    6.75000000e-01  2.47330111e+03  6.29773742e+02  6.08261714e+01  9.78671924e+00
    6.80000000e-01  2.47594622e+03  6.29716478e+02  6.02981810e+01  9.78712697e+00
    6.85000000e-01  2.47859945e+03  6.29664791e+02  5.97819656e+01  9.78775325e+00
    6.90000000e-01  2.48126444e+03  6.29618398e+02  5.92771843e+01  9.78859507e+00
    6.95000000e-01  2.48394405e+03  6.29577021e+02  5.87834257e+01  9.78965142e+00
    7.00000000e-01  2.48664066e+03  6.29540384e+02  5.83002748e+01  9.79092198e+00
    7.05000000e-01  2.48935620e+03  6.29508271e+02  5.78273348e+01  9.79240562e+00
    7.10000000e-01  2.49209223e+03  6.29480422e+02  5.73642034e+01  9.79410070e+00
    7.15000000e-01  2.49484960e+03  6.29456460e+02  5.69104613e+01  9.79600542e+00
    7.20000000e-01  2.49762860e+03  6.29436003e+02  5.64656674e+01  9.79811756e+00
    7.25000000e-01  2.50042922e+03  6.29418693e+02  5.60293710e+01  9.80043485e+00
    7.30000000e-01  2.50325124e+03  6.29404194e+02  5.56011222e+01  9.80295502e+00
    7.35000000e-01  2.50609430e+03  6.29392179e+02  5.51805076e+01  9.80567547e+00
    7.40000000e-01  2.50895782e+03  6.29382367e+02  5.47671620e+01  9.80859294e+00
    7.45000000e-01  2.51184076e+03  6.29374537e+02  5.43607514e+01  9.81170319e+00
    7.50000000e-01  2.51474208e+03  6.29368523e+02  5.39609521e+01  9.81500209e+00
    7.55000000e-01  2.51766076e+03  6.29364248e+02  5.35674453e+01  9.81848643e+00
    7.60000000e-01  2.52059569e+03  6.29361619e+02  5.31799499e+01  9.82215393e+00
    7.65000000e-01  2.52354575e+03  6.29360450e+02  5.27982121e+01  9.82600253e+00
    7.70000000e-01  2.52651000e+03  6.29360570e+02  5.24219846e+01  9.83003016e+00
    7.75000000e-01  2.52948762e+03  6.29361847e+02  5.20510431e+01  9.83423443e+00
    7.80000000e-01  2.53247753e+03  6.29364115e+02  5.16851948e+01  9.83861152e+00
    7.85000000e-01  2.53547851e+03  6.29367201e+02  5.13242717e+01  9.84315749e+00
    7.90000000e-01  2.53848935e+03  6.29370878e+02  5.09681201e+01  9.84786925e+00
    7.95000000e-01  2.54150898e+03  6.29374949e+02  5.06165945e+01  9.85274361e+00
    8.00000000e-01  2.54453624e+03  6.29379202e+02  5.02695677e+01  9.85777678e+00
    8.05000000e-01  2.54756994e+03  6.29383452e+02  4.99269246e+01  9.86296481e+00
    8.10000000e-01  2.55060908e+03  6.29387574e+02  4.95885571e+01  9.86830427e+00
    8.15000000e-01  2.55365258e+03  6.29391460e+02  4.92543617e+01  9.87379147e+00
    8.20000000e-01  2.55669942e+03  6.29395039e+02  4.89242417e+01  9.87942203e+00
    8.25000000e-01  2.55974871e+03  6.29398247e+02  4.85981034e+01  9.88519163e+00
    8.30000000e-01  2.56279958e+03  6.29401012e+02  4.82758571e+01  9.89109599e+00
    8.35000000e-01  2.56585103e+03  6.29403164e+02  4.79574260e+01  9.89713129e+00
    8.40000000e-01  2.56890222e+03  6.29404506e+02  4.76427353e+01  9.90329379e+00
    8.45000000e-01  2.57195236e+03  6.29404936e+02  4.73317174e+01  9.90957991e+00
    8.50000000e-01  2.57500066e+03  6.29404437e+02  4.70243203e+01  9.91598558e+00
    8.55000000e-01  2.57804643e+03  6.29403058e+02  4.67205040e+01  9.92250650e+00
    8.60000000e-01  2.58108904e+03  6.29400794e+02  4.64202356e+01  9.92913861e+00
    8.65000000e-01  2.58412803e+03  6.29397566e+02  4.61234918e+01  9.93587821e+00
    8.70000000e-01  2.58716285e+03  6.29393323e+02  4.58302467e+01  9.94272139e+00
    8.75000000e-01  2.59019284e+03  6.29387997e+02  4.55404682e+01  9.94966321e+00
    8.80000000e-01  2.59321742e+03  6.29381547e+02  4.52541183e+01  9.95669924e+00
    8.85000000e-01  2.59623617e+03  6.29373922e+02  4.49711595e+01  9.96382665e+00
    8.90000000e-01  2.59924870e+03  6.29365100e+02  4.46915639e+01  9.97104256e+00
    8.95000000e-01  2.60225454e+03  6.29354940e+02  4.44153012e+01  9.97834317e+00
    9.00000000e-01  2.60525320e+03  6.29343390e+02  4.41423253e+01  9.98572461e+00
    9.05000000e-01  2.60824432e+03  6.29330525e+02  4.38725871e+01  9.99318316e+00
    9.10000000e-01  2.61122760e+03  6.29316404e+02  4.36060373e+01  1.00007161e+01
    9.15000000e-01  2.61420282e+03  6.29301062e+02  4.33426300e+01  1.00083224e+01
    9.20000000e-01  2.61716964e+03  6.29284477e+02  4.30823263e+01  1.00160001e+01
    9.25000000e-01  2.62012777e+03  6.29266588e+02  4.28250858e+01  1.00237478e+01
    9.30000000e-01  2.62307707e+03  6.29247409e+02  4.25708669e+01  1.00315652e+01
    9.35000000e-01  2.62601727e+03  6.29226884e+02  4.23196330e+01  1.00394513e+01
    9.40000000e-01  2.62894817e+03  6.29205081e+02  4.20713378e+01  1.00474050e+01
    9.45000000e-01  2.63186983e+03  6.29182155e+02  4.18259262e+01  1.00554265e+01
    9.50000000e-01  2.63478223e+03  6.29158101e+02  4.15833464e+01  1.00635162e+01
    9.55000000e-01  2.63768531e+03  6.29132856e+02  4.13435524e+01  1.00716744e+01
    9.60000000e-01  2.64057883e+03  6.29106335e+02  4.11064948e+01  1.00799006e+01
    9.65000000e-01  2.64346263e+03  6.29078559e+02  4.08721189e+01  1.00881941e+01
    9.70000000e-01  2.64633658e+03  6.29049586e+02  4.06403661e+01  1.00965540e+01
    9.75000000e-01  2.64920026e+03  6.29019347e+02  4.04111734e+01  1.01049779e+01
    9.80000000e-01  2.65205330e+03  6.28987817e+02  4.01844751e+01  1.01134635e+01
    9.85000000e-01  2.65489549e+03  6.28955078e+02  3.99602037e+01  1.01220111e+01
    9.90000000e-01  2.65772680e+03  6.28921310e+02  3.97382870e+01  1.01306217e+01
    9.95000000e-01  2.66054728e+03  6.28886760e+02  3.95186478e+01  1.01392964e+01
    1.00000000e+00  2.66335704e+03  6.28851635e+02  3.93012072e+01  1.01480379e+01
