# tau(fm)  epsilon_p(ideal)(cos)  epsilon_p(ideal)(sin)  epsilon_p(shear)(cos)  epsilon_p(shear)(sin)  epsilon_p(full)(cos)  epsilon_p(full)(sin)  epsilon_2p(ideal)(cos)  epsilon_2p(ideal)(sin)  epsilon_2p(shear)(cos)  epsilon_2p(shear)(sin)  epsilon_2p(full)(cos)  epsilon_2p(full)(sin)  epsilon_3p(ideal)(cos)  epsilon_3p(ideal)(sin)  epsilon_3p(shear)(cos)  epsilon_3p(shear)(sin)  epsilon_3p(full)(cos)  epsilon_3p(full)(sin)  
    6.00000000e-01  -2.61297713e-02  3.04396821e-03  8.24190090e-03  -1.17467288e-04  6.09854093e-03  -1.00784180e-05  -1.32269124e-01  3.35013923e-02  -1.17940918e-01  3.53692760e-02  -1.17319903e-01  3.48201685e-02  -3.96278092e-02  -2.19632541e-02  -3.55080286e-02  -1.53711811e-02  -3.62108391e-02  -1.63993832e-02  
    6.05000000e-01  -2.63078779e-02  3.31816781e-03  7.96920445e-03  -7.81750891e-05  5.89002316e-03  3.26080745e-05  -1.32686580e-01  3.54672357e-02  -1.18526740e-01  3.72506381e-02  -1.17880654e-01  3.67087533e-02  -4.02275480e-02  -2.22489532e-02  -3.63453990e-02  -1.56339122e-02  -3.69699222e-02  -1.66856403e-02  
    6.10000000e-01  -2.65254377e-02  3.56008544e-03  7.67360583e-03  -5.61543033e-05  5.65949093e-03  5.92047920e-05  -1.32807609e-01  3.72452363e-02  -1.18793490e-01  3.88943938e-02  -1.18133477e-01  3.83613883e-02  -4.05628607e-02  -2.24476068e-02  -3.68360773e-02  -1.58822271e-02  -3.73891170e-02  -1.69564217e-02  
    6.15000000e-01  -2.67371229e-02  3.78509879e-03  7.38347411e-03  -3.17764398e-05  5.43146992e-03  8.68868687e-05  -1.32691544e-01  3.89029354e-02  -1.18842512e-01  4.04273604e-02  -1.18177581e-01  3.99052547e-02  -4.02872767e-02  -2.26566339e-02  -3.67882080e-02  -1.61348752e-02  -3.72779829e-02  -1.72217085e-02  
    6.20000000e-01  -2.69476471e-02  3.99545995e-03  7.09610437e-03  -4.89568229e-06  5.20373361e-03  1.16008959e-04  -1.32325586e-01  4.04158424e-02  -1.18675970e-01  4.18379246e-02  -1.18013820e-01  4.13271241e-02  -3.95834908e-02  -2.28234217e-02  -3.62622551e-02  -1.63683251e-02  -3.66983539e-02  -1.74594064e-02  
    6.25000000e-01  -2.71562906e-02  4.19237585e-03  6.81005544e-03  2.50963698e-05  4.97545689e-03  1.47185797e-04  -1.31814764e-01  4.18193460e-02  -1.18375599e-01  4.31709249e-02  -1.17720796e-01  4.26720890e-02  -3.88844893e-02  -2.28292159e-02  -3.56939081e-02  -1.64324943e-02  -3.60814527e-02  -1.75224711e-02  
    6.30000000e-01  -2.73612967e-02  4.37664357e-03  6.52084183e-03  5.81977509e-05  4.74315061e-03  1.80384497e-04  -1.31179332e-01  4.31366521e-02  -1.17940637e-01  4.44632622e-02  -1.17297617e-01  4.39726144e-02  -3.82500050e-02  -2.25954219e-02  -3.51014883e-02  -1.62414500e-02  -3.54419398e-02  -1.73312071e-02  
    6.35000000e-01  -2.75615040e-02  4.54895800e-03  6.22817692e-03  9.37087441e-05  4.50674113e-03  2.14935950e-04  -1.30447660e-01  4.43210473e-02  -1.17394366e-01  4.56537205e-02  -1.16768317e-01  4.51708770e-02  -3.75926067e-02  -2.21628233e-02  -3.44788157e-02  -1.58332024e-02  -3.47729420e-02  -1.69289919e-02  
    6.40000000e-01  -2.77573004e-02  4.71025544e-03  5.93099377e-03  1.33009215e-04  4.26536182e-03  2.52138213e-04  -1.29610919e-01  4.53716143e-02  -1.16769175e-01  4.67094028e-02  -1.16162984e-01  4.62366773e-02  -3.68444632e-02  -2.16478935e-02  -3.38685443e-02  -1.52965459e-02  -3.41110464e-02  -1.63980364e-02  
    6.45000000e-01  -2.79483802e-02  4.86114229e-03  5.62975451e-03  1.74240317e-04  4.01945276e-03  2.90444711e-04  -1.28747269e-01  4.62991430e-02  -1.16087437e-01  4.76387801e-02  -1.15504107e-01  4.71769237e-02  -3.60545215e-02  -2.10770038e-02  -3.31938405e-02  -1.47566501e-02  -3.33836218e-02  -1.58605232e-02  
    6.50000000e-01  -2.81340824e-02  5.00190640e-03  5.32433745e-03  2.15227718e-04  3.76894363e-03  3.28028794e-04  -1.27897647e-01  4.71343417e-02  -1.15400427e-01  4.84816769e-02  -1.14841712e-01  4.80300336e-02  -3.52051819e-02  -2.03569839e-02  -3.24633789e-02  -1.41412614e-02  -3.25992272e-02  -1.52410354e-02  
    6.55000000e-01  -2.83144116e-02  5.13316794e-03  5.01338520e-03  2.59195516e-04  3.51268570e-03  3.67740415e-04  -1.27073428e-01  4.78912038e-02  -1.14715566e-01  4.92425896e-02  -1.14183840e-01  4.88028484e-02  -3.43639145e-02  -1.94745762e-02  -3.16970430e-02  -1.34066641e-02  -3.17763169e-02  -1.44968085e-02  
    6.60000000e-01  -2.84891560e-02  5.25529320e-03  4.69856265e-03  3.04136492e-04  3.25212131e-03  4.07962062e-04  -1.26245054e-01  4.85696217e-02  -1.14019931e-01  4.99037636e-02  -1.13517264e-01  4.94796803e-02  -3.35967240e-02  -1.85576698e-02  -3.09790386e-02  -1.26417707e-02  -3.09990724e-02  -1.37183807e-02  
    6.65000000e-01  -2.86582813e-02  5.36927722e-03  4.37990287e-03  3.49004586e-04  2.98732008e-03  4.47850345e-04  -1.25396901e-01  4.92057086e-02  -1.13310572e-01  5.05149054e-02  -1.12839947e-01  5.01090938e-02  -3.28652801e-02  -1.76382679e-02  -3.02389945e-02  -1.18107718e-02  -3.02010114e-02  -1.28732546e-02  
    6.70000000e-01  -2.88222295e-02  5.47613632e-03  4.05723739e-03  3.93364987e-04  2.71823765e-03  4.87000081e-04  -1.24564854e-01  4.98084799e-02  -1.12637106e-01  5.10820022e-02  -1.12197973e-01  5.06959485e-02  -3.22324031e-02  -1.66727604e-02  -2.96511064e-02  -1.08646383e-02  -2.95491920e-02  -1.19191173e-02  
    6.75000000e-01  -2.89816336e-02  5.57679010e-03  3.73204704e-03  4.37350009e-04  2.44621541e-03  5.25537150e-04  -1.23772843e-01  5.03655454e-02  -1.11996257e-01  5.15840798e-02  -1.11589113e-01  5.12184961e-02  -3.17731202e-02  -1.56743568e-02  -2.91911022e-02  -9.90972159e-03  -2.90240646e-02  -1.09516824e-02  
    6.80000000e-01  -2.91368042e-02  5.67200354e-03  3.40644810e-03  4.81354551e-04  2.17307051e-03  5.63880014e-04  -1.23040205e-01  5.08817369e-02  -1.11407512e-01  5.20437633e-02  -1.11031545e-01  5.16999035e-02  -3.14132335e-02  -1.46736956e-02  -2.87813810e-02  -8.93959180e-03  -2.85489827e-02  -9.96438262e-03  
    6.85000000e-01  -2.92879896e-02  5.76237263e-03  3.08182387e-03  5.25123745e-04  1.90000135e-03  6.01882304e-04  -1.22365192e-01  5.13850965e-02  -1.10865248e-01  5.24830218e-02  -1.10520401e-01  5.21618738e-02  -3.11975312e-02  -1.37290303e-02  -2.84809639e-02  -7.98608839e-03  -2.81823071e-02  -8.99182392e-03  
    6.90000000e-01  -2.94351106e-02  5.84836894e-03  2.75929336e-03  5.69291973e-04  1.62801415e-03  6.40154956e-04  -1.21740645e-01  5.18292714e-02  -1.10363963e-01  5.28639768e-02  -1.10050699e-01  5.25675658e-02  -3.10252685e-02  -1.27399089e-02  -2.82739133e-02  -7.00178807e-03  -2.79070095e-02  -7.98650936e-03  
    6.95000000e-01  -2.95778811e-02  5.93038160e-03  2.43930294e-03  6.14935121e-04  1.35752196e-03  6.79679917e-04  -1.21180589e-01  5.22381970e-02  -1.09911604e-01  5.31979822e-02  -1.09629907e-01  5.29280717e-02  -3.08484967e-02  -1.17835497e-02  -2.80466745e-02  -6.03382072e-03  -2.76160542e-02  -6.99355816e-03  
    7.00000000e-01  -2.97162309e-02  6.00878220e-03  2.12150513e-03  6.62361816e-04  1.08822120e-03  7.20799463e-04  -1.20616735e-01  5.26367997e-02  -1.09461514e-01  5.35357416e-02  -1.09211533e-01  5.32914042e-02  -3.07892349e-02  -1.08898672e-02  -2.78983668e-02  -5.13999962e-03  -2.74052119e-02  -6.06836413e-03  
    7.05000000e-01  -2.98497363e-02  6.08399584e-03  1.80615453e-03  7.11411789e-04  8.20375829e-04  7.63448199e-04  -1.20044789e-01  5.30006942e-02  -1.08990584e-01  5.38433840e-02  -1.08773345e-01  5.36255607e-02  -3.07013856e-02  -1.00210200e-02  -2.77163001e-02  -4.28706021e-03  -2.71605271e-02  -5.18072176e-03  
    7.10000000e-01  -2.99777468e-02  6.15640457e-03  1.49339767e-03  7.61235638e-04  5.54160288e-04  8.06948148e-04  -1.19463704e-01  5.33184774e-02  -1.08509321e-01  5.41076840e-02  -1.08325404e-01  5.39180257e-02  -3.06137026e-02  -9.21029384e-03  -2.75420430e-02  -3.52962231e-03  -2.69239503e-02  -4.38457375e-03  
    7.15000000e-01  -3.00994820e-02  6.22636353e-03  1.18335015e-03  8.11418487e-04  2.89719910e-04  8.50997579e-04  -1.18891674e-01  5.35819468e-02  -1.08036527e-01  5.43219379e-02  -1.07885838e-01  5.41616110e-02  -3.04934997e-02  -8.43588935e-03  -2.73563625e-02  -2.83841540e-03  -2.66778601e-02  -3.65121896e-03  
    7.20000000e-01  -3.02143675e-02  6.29415367e-03  8.77727611e-04  8.61926954e-04  2.85974963e-05  8.95592607e-04  -1.18309929e-01  5.38080396e-02  -1.07565827e-01  5.44948522e-02  -1.07448823e-01  5.43653544e-02  -3.03457157e-02  -7.66888404e-03  -2.71659526e-02  -2.17140588e-03  -2.64280915e-02  -2.93543407e-03  
    7.25000000e-01  -3.03222421e-02  6.36021546e-03  5.77525775e-04  9.12663603e-04  -2.28305369e-04  9.40678563e-04  -1.17706469e-01  5.39965359e-02  -1.07065491e-01  5.46299374e-02  -1.06982139e-01  5.45338112e-02  -3.01444906e-02  -6.87973952e-03  -2.69516129e-02  -1.49548803e-03  -2.61545182e-02  -2.20934507e-03  
    7.30000000e-01  -3.04229799e-02  6.42464678e-03  2.81452257e-04  9.62933053e-04  -4.82114250e-04  9.85674992e-04  -1.17082532e-01  5.41462132e-02  -1.06544286e-01  5.47149648e-02  -1.06494080e-01  5.46540278e-02  -2.98658378e-02  -6.06119142e-03  -2.66811195e-02  -7.81311934e-04  -2.58267937e-02  -1.44178932e-03  
    7.35000000e-01  -3.05162780e-02  6.48732806e-03  -1.19405652e-05  1.01151917e-03  -7.34089164e-04  1.02949667e-03  -1.16435651e-01  5.42294251e-02  -1.05999052e-01  5.47335201e-02  -1.05982081e-01  5.47100436e-02  -2.95020849e-02  -5.22353022e-03  -2.63134506e-02  -2.20242764e-05  -2.54038826e-02  -6.27957689e-04  
    7.40000000e-01  -3.06018808e-02  6.54816726e-03  -3.02666349e-04  1.05868713e-03  -9.84234217e-04  1.07230170e-03  -1.15773919e-01  5.42632280e-02  -1.05430263e-01  5.46991750e-02  -1.05446742e-01  5.47140453e-02  -2.90621290e-02  -4.33580938e-03  -2.58531690e-02  7.72955213e-04  -2.48893365e-02  2.22880452e-04  
    7.45000000e-01  -3.06795532e-02  6.60684493e-03  -5.89869668e-04  1.10522575e-03  -1.23178474e-03  1.11470121e-03  -1.15109250e-01  5.42617249e-02  -1.04846943e-01  5.46244925e-02  -1.04897868e-01  5.46787437e-02  -2.85343956e-02  -3.41300726e-03  -2.52892691e-02  1.61455861e-03  -2.42730242e-02  1.12115703e-03  
    7.50000000e-01  -3.07489329e-02  6.66304519e-03  -8.71951090e-04  1.15110111e-03  -1.47532886e-03  1.15662971e-03  -1.14440467e-01  5.42324918e-02  -1.04253179e-01  5.45165174e-02  -1.04338988e-01  5.46105490e-02  -2.79530110e-02  -2.46145379e-03  -2.46567508e-02  2.51295863e-03  -2.35890353e-02  2.07713213e-03  
    7.55000000e-01  -3.08098765e-02  6.71661721e-03  -1.14756301e-03  1.19628767e-03  -1.71365811e-03  1.19810329e-03  -1.13760565e-01  5.41821364e-02  -1.03645940e-01  5.43823862e-02  -1.03766739e-01  5.45167958e-02  -2.72897645e-02  -1.45242787e-03  -2.39444280e-02  3.46250861e-03  -2.28254026e-02  3.08655178e-03  
    7.60000000e-01  -3.08622471e-02  6.76728031e-03  -1.41715113e-03  1.24083971e-03  -1.94710908e-03  1.23920400e-03  -1.13059047e-01  5.40989886e-02  -1.03021511e-01  5.42140732e-02  -1.03177276e-01  5.43886762e-02  -2.65527164e-02  -4.45711185e-04  -2.31702282e-02  4.42714561e-03  -2.19992138e-02  4.11262122e-03  
    7.65000000e-01  -3.09056806e-02  6.81470027e-03  -1.68082748e-03  1.28451613e-03  -2.17570452e-03  1.27968479e-03  -1.12337804e-01  5.39748910e-02  -1.02368753e-01  5.40002482e-02  -1.02559620e-01  5.42153960e-02  -2.57949243e-02  5.30203549e-04  -2.23888402e-02  5.36282085e-03  -2.11660947e-02  5.11115546e-03  
    7.70000000e-01  -3.09399369e-02  6.85858438e-03  -1.93881131e-03  1.32706641e-03  -2.39957006e-03  1.31929982e-03  -1.11601158e-01  5.38214372e-02  -1.01696951e-01  5.37646005e-02  -1.01922611e-01  5.40199474e-02  -2.49842301e-02  1.47129394e-03  -2.15696781e-02  6.25859198e-03  -2.02950990e-02  6.07117761e-03  
    7.75000000e-01  -3.09651031e-02  6.89879345e-03  -2.19239646e-03  1.36882359e-03  -2.61974636e-03  1.35836548e-03  -1.10858969e-01  5.36543851e-02  -1.01020139e-01  5.35119829e-02  -1.01280083e-01  5.38074544e-02  -2.41003917e-02  2.40541979e-03  -2.07072174e-02  7.12721327e-03  -1.93794907e-02  7.00576035e-03  
    7.80000000e-01  -3.09814714e-02  6.93504254e-03  -2.44302269e-03  1.40950116e-03  -2.83743955e-03  1.39671164e-03  -1.10126118e-01  5.34640669e-02  -1.00350650e-01  5.32298150e-02  -1.00644389e-01  5.35653173e-02  -2.31983087e-02  3.30021425e-03  -1.98397347e-02  7.97908557e-03  -1.84577910e-02  7.92496677e-03  
    7.85000000e-01  -3.09890421e-02  6.96683078e-03  -2.69080488e-03  1.44859573e-03  -3.05271740e-03  1.43393186e-03  -1.09399743e-01  5.32476130e-02  -9.96840826e-02  5.29249693e-02  -1.00011270e-01  5.33007870e-02  -2.22773025e-02  4.15848894e-03  -1.89719259e-02  8.79929020e-03  -1.75359157e-02  8.81265808e-03  
    7.90000000e-01  -3.09878290e-02  6.99397211e-03  -2.93512249e-03  1.48640940e-03  -3.26497999e-03  1.47022124e-03  -1.08678628e-01  5.30118982e-02  -9.90217378e-02  5.26003671e-02  -9.93822016e-02  5.30163002e-02  -2.13396905e-02  5.00878588e-03  -1.80809981e-02  9.60736816e-03  -1.65902184e-02  9.69083377e-03  
    7.95000000e-01  -3.09778305e-02  7.01650668e-03  -3.17566346e-03  1.52322308e-03  -3.47390057e-03  1.50571744e-03  -1.07957249e-01  5.27500397e-02  -9.83608493e-02  5.22482813e-02  -9.87539827e-02  5.27037643e-02  -2.03996311e-02  5.85494423e-03  -1.71849426e-02  1.04054528e-02  -1.56396490e-02  1.05604140e-02  
    8.00000000e-01  -3.09593261e-02  7.03458471e-03  -3.41331144e-03  1.55930529e-03  -3.68024818e-03  1.54056163e-03  -1.07249821e-01  5.24629231e-02  -9.77072967e-02  5.18717344e-02  -9.81330509e-02  5.23660064e-02  -1.94606801e-02  6.72419792e-03  -1.62723007e-02  1.12349298e-02  -1.46721742e-02  1.14628446e-02  
    8.05000000e-01  -3.09325177e-02  7.04835579e-03  -3.64857878e-03  1.59518631e-03  -3.88449836e-03  1.57522821e-03  -1.06561541e-01  5.21657849e-02  -9.70710101e-02  5.14959684e-02  -9.75290203e-02  5.20282665e-02  -1.84891997e-02  7.60500373e-03  -1.53354378e-02  1.20694038e-02  -1.36800646e-02  1.23697312e-02  
    8.10000000e-01  -3.08974375e-02  7.05779030e-03  -3.88078919e-03  1.63071709e-03  -4.08614323e-03  1.60967096e-03  -1.05881809e-01  5.18772988e-02  -9.64487927e-02  5.11357313e-02  -9.69385268e-02  5.17053157e-02  -1.75112916e-02  8.48285751e-03  -1.44072648e-02  1.28983565e-02  -1.26963062e-02  1.32709213e-02  
    8.15000000e-01  -3.08541862e-02  7.06285348e-03  -4.10956639e-03  1.66547441e-03  -4.28496434e-03  1.64361200e-03  -1.05204805e-01  5.15927868e-02  -9.58186753e-02  5.07750817e-02  -9.63403204e-02  5.13817560e-02  -1.65439716e-02  9.33680722e-03  -1.34946674e-02  1.37057134e-02  -1.17282390e-02  1.41505715e-02  
    8.20000000e-01  -3.08029260e-02  7.06362438e-03  -4.33384351e-03  1.69931122e-03  -4.48013504e-03  1.67697717e-03  -1.04541507e-01  5.12951785e-02  -9.52094976e-02  5.04034402e-02  -9.57636887e-02  5.10467139e-02  -1.55916910e-02  1.01409357e-02  -1.25668405e-02  1.44824704e-02  -1.07459363e-02  1.49991124e-02  
    8.25000000e-01  -3.07439713e-02  7.06020817e-03  -4.55285577e-03  1.73255704e-03  -4.67107573e-03  1.71006284e-03  -1.03917366e-01  5.09886707e-02  -9.46434799e-02  5.00200147e-02  -9.52311078e-02  5.06991732e-02  -1.46321878e-02  1.09236572e-02  -1.16463001e-02  1.52352066e-02  -9.77219920e-03  1.58233324e-02  
    8.30000000e-01  -3.06776578e-02  7.05293554e-03  -4.76761599e-03  1.76564708e-03  -4.85879982e-03  1.74310202e-03  -1.03340976e-01  5.06658936e-02  -9.41244351e-02  4.96210945e-02  -9.47471828e-02  5.03351801e-02  -1.36642299e-02  1.16639178e-02  -1.07055923e-02  1.59240867e-02  -8.77973986e-03  1.65836670e-02  
    8.35000000e-01  -3.06041668e-02  7.04249870e-03  -4.97864511e-03  1.79904214e-03  -5.04382270e-03  1.77626178e-03  -1.02813028e-01  5.03278631e-02  -9.36579324e-02  4.92062955e-02  -9.43176264e-02  4.99543010e-02  -1.26850935e-02  1.23526087e-02  -9.75706799e-03  1.65480706e-02  -7.78047468e-03  1.72783044e-02  
    8.40000000e-01  -3.05240333e-02  7.02958373e-03  -5.18569429e-03  1.83337010e-03  -5.22601618e-03  1.80993163e-03  -1.02332888e-01  4.99743064e-02  -9.32494016e-02  4.87728723e-02  -9.39474497e-02  4.95525447e-02  -1.16978427e-02  1.30402542e-02  -8.79024747e-03  1.71875033e-02  -6.76468658e-03  1.79879865e-02  
    8.45000000e-01  -3.04377060e-02  7.01483708e-03  -5.38814343e-03  1.86899766e-03  -5.40497177e-03  1.84443337e-03  -1.01904515e-01  4.95996221e-02  -9.28982517e-02  4.83197111e-02  -9.36365045e-02  4.91295246e-02  -1.06931009e-02  1.37613855e-02  -7.81442655e-03  1.78640786e-02  -5.74070045e-03  1.87325284e-02  
    8.50000000e-01  -3.03452973e-02  6.99863763e-03  -5.58539577e-03  1.90520721e-03  -5.58030466e-03  1.87920046e-03  -1.01531788e-01  4.92087248e-02  -9.26068192e-02  4.78515676e-02  -9.33878263e-02  4.86894616e-02  -9.69822562e-03  1.44718742e-02  -6.86428113e-03  1.85347500e-02  -4.74371227e-03  1.94692400e-02  
    8.55000000e-01  -3.02470832e-02  6.98137497e-03  -5.77742651e-03  1.94083322e-03  -5.75203535e-03  1.91323755e-03  -1.01205447e-01  4.88211861e-02  -9.23694092e-02  4.73835639e-02  -9.31957977e-02  4.82480939e-02  -8.72418021e-03  1.51537153e-02  -5.93525441e-03  1.91726065e-02  -3.76909054e-03  2.01712260e-02  
    8.60000000e-01  -3.01434813e-02  6.96348675e-03  -5.96434785e-03  1.97552534e-03  -5.92025422e-03  1.94626255e-03  -1.00923985e-01  4.84468050e-02  -9.21852616e-02  4.69263177e-02  -9.30594144e-02  4.78162815e-02  -7.76941526e-03  1.58005971e-02  -5.02165496e-03  1.97659529e-02  -2.81112430e-03  2.08277507e-02  
    8.65000000e-01  -3.00349816e-02  6.94528725e-03  -6.14574777e-03  2.00952982e-03  -6.08449285e-03  1.97856032e-03  -1.00678866e-01  4.80919318e-02  -9.20427062e-02  4.64857284e-02  -9.29668711e-02  4.74001544e-02  -6.84341204e-03  1.64131103e-02  -4.13447081e-03  2.03302071e-02  -1.88118639e-03  2.14544200e-02  
    8.70000000e-01  -2.99222233e-02  6.92706850e-03  -6.32109385e-03  2.04326335e-03  -6.24418213e-03  2.01065664e-03  -1.00462283e-01  4.77536730e-02  -9.19207967e-02  4.60597354e-02  -9.28968073e-02  4.69975455e-02  -5.95002585e-03  1.69952874e-02  -3.27813386e-03  2.08595679e-02  -9.84927694e-04  2.20450197e-02  
    8.75000000e-01  -2.98056769e-02  6.90882211e-03  -6.49050858e-03  2.07662979e-03  -6.39937934e-03  2.04268493e-03  -1.00257587e-01  4.74276336e-02  -9.18139803e-02  4.56455946e-02  -9.28428594e-02  4.66067271e-02  -5.07873063e-03  1.75601918e-02  -2.42607118e-03  2.13710704e-02  -9.41166880e-05  2.26170613e-02  
    8.80000000e-01  -2.96857842e-02  6.89061955e-03  -6.65447494e-03  2.10927265e-03  -6.55051214e-03  2.07436861e-03  -1.00057757e-01  4.71054448e-02  -9.17108162e-02  4.52372862e-02  -9.27937723e-02  4.62212016e-02  -4.22902368e-03  1.81105491e-02  -1.60563270e-03  2.18731987e-02  7.63174608e-04  2.31789553e-02  
    8.85000000e-01  -2.95629675e-02  6.87281469e-03  -6.81355381e-03  2.14114983e-03  -6.69812449e-03  2.10554574e-03  -9.98495662e-02  4.67972211e-02  -9.16013840e-02  4.48426132e-02  -9.27390009e-02  4.58485241e-02  -3.42009496e-03  1.86382156e-02  -8.36735269e-04  2.23628326e-02  1.56426760e-03  2.37273985e-02  
    8.90000000e-01  -2.94375032e-02  6.85594963e-03  -6.96816138e-03  2.17250775e-03  -6.84263330e-03  2.13627279e-03  -9.96205677e-02  4.65063164e-02  -9.14674228e-02  4.44684388e-02  -9.26604245e-02  4.54956185e-02  -2.63962093e-03  1.91240844e-02  -1.05014055e-04  2.27988620e-02  2.32480286e-03  2.42218802e-02  
    8.95000000e-01  -2.93097271e-02  6.84077822e-03  -7.11915691e-03  2.20367285e-03  -6.98476655e-03  2.16673017e-03  -9.93642337e-02  4.62320506e-02  -9.13096015e-02  4.41110013e-02  -9.25582117e-02  4.51585380e-02  -1.89801365e-03  1.95708503e-02  5.88343810e-04  2.31947194e-02  3.04392057e-03  2.46757240e-02  
    9.00000000e-01  -2.91800070e-02  6.82795885e-03  -7.26736307e-03  2.23465917e-03  -7.12513082e-03  2.19682537e-03  -9.90792108e-02  4.59721645e-02  -9.11259758e-02  4.37701334e-02  -9.24300387e-02  4.48367818e-02  -1.21792143e-03  1.99913699e-02  1.21421230e-03  2.35710067e-02  3.69198184e-03  2.51094277e-02  
    9.05000000e-01  -2.90487431e-02  6.81784509e-03  -7.41272100e-03  2.26536007e-03  -7.26356781e-03  2.22646717e-03  -9.87639941e-02  4.57222824e-02  -9.09121805e-02  4.34409114e-02  -9.22711138e-02  4.45255618e-02  -6.22228820e-04  2.03892535e-02  1.74814536e-03  2.39192190e-02  4.24397900e-03  2.55146819e-02  
    9.10000000e-01  -2.89162841e-02  6.81065704e-03  -7.55437943e-03  2.29592131e-03  -7.39924523e-03  2.25589322e-03  -9.84282287e-02  4.54911183e-02  -9.06783649e-02  4.31303901e-02  -9.20917899e-02  4.42324814e-02  -6.48188585e-05  2.07494119e-02  2.24618479e-03  2.42176429e-02  4.75746566e-03  2.58689258e-02  
    9.15000000e-01  -2.87828952e-02  6.80640062e-03  -7.69180045e-03  2.32645102e-03  -7.53171419e-03  2.28518552e-03  -9.80795025e-02  4.52676264e-02  -9.04262106e-02  4.28296604e-02  -9.18938832e-02  4.39481939e-02  4.71949190e-04  2.10835252e-02  2.72022860e-03  2.44913164e-02  5.24446433e-03  2.61978333e-02  
    9.20000000e-01  -2.86487112e-02  6.80521857e-03  -7.82510469e-03  2.35683899e-03  -7.66119433e-03  2.31405419e-03  -9.77164274e-02  4.50609114e-02  -9.01581787e-02  4.25496298e-02  -9.16798724e-02  4.36833852e-02  9.96458767e-04  2.13620489e-02  3.18370606e-03  2.47208214e-02  5.71791464e-03  2.64801756e-02  
    9.25000000e-01  -2.85138680e-02  6.80745038e-03  -7.95456492e-03  2.38743573e-03  -7.78800630e-03  2.34274227e-03  -9.73380362e-02  4.48737009e-02  -8.98758106e-02  4.22979363e-02  -9.14514254e-02  4.34458284e-02  1.51963795e-03  2.15796370e-02  3.64822824e-03  2.48991712e-02  6.18952587e-03  2.67087259e-02  
    9.30000000e-01  -2.83782506e-02  6.81281681e-03  -8.08026266e-03  2.41826050e-03  -7.91224654e-03  2.37131242e-03  -9.69557085e-02  4.47149699e-02  -8.95915065e-02  4.20764590e-02  -9.12215008e-02  4.32376478e-02  2.05495718e-03  2.17152423e-02  4.13378272e-03  2.50016475e-02  6.67994495e-03  2.68570298e-02  
    9.35000000e-01  -2.82417718e-02  6.82117205e-03  -8.20195884e-03  2.44916738e-03  -8.03374071e-03  2.39981363e-03  -9.65643003e-02  4.45944173e-02  -8.93038275e-02  4.18971325e-02  -9.09885059e-02  4.30715847e-02  2.60897895e-03  2.17792036e-02  4.64660697e-03  2.50330204e-02  7.19541748e-03  2.69309861e-02  
    9.40000000e-01  -2.81042344e-02  6.83222299e-03  -8.31939445e-03  2.47980905e-03  -8.15228269e-03  2.42815794e-03  -9.61492870e-02  4.45073326e-02  -8.89930636e-02  4.17500325e-02  -9.07325129e-02  4.29379272e-02  3.16290106e-03  2.18180452e-02  5.15924783e-03  2.50472022e-02  7.70886130e-03  2.69872697e-02  
    9.45000000e-01  -2.79656032e-02  6.84556584e-03  -8.43233578e-03  2.50993059e-03  -8.26759253e-03  2.45629911e-03  -9.57137966e-02  4.44454272e-02  -8.86619459e-02  4.16259943e-02  -9.04564208e-02  4.28279946e-02  3.74814282e-03  2.18348181e-02  5.71595337e-03  2.50421954e-02  8.26540323e-03  2.70237974e-02  
    9.50000000e-01  -2.78259082e-02  6.86084477e-03  -8.54037321e-03  2.53939633e-03  -8.37925701e-03  2.48422671e-03  -9.52577613e-02  4.44060843e-02  -8.83088022e-02  4.15235261e-02  -9.01579995e-02  4.27408539e-02  4.31908662e-03  2.17644690e-02  6.26919111e-03  2.49544161e-02  8.81677975e-03  2.69758372e-02  
    9.55000000e-01  -2.76850436e-02  6.87791142e-03  -8.64288811e-03  2.56812534e-03  -8.48663053e-03  2.51168499e-03  -9.47954229e-02  4.43751881e-02  -8.79518508e-02  4.14320057e-02  -8.98561154e-02  4.26647689e-02  4.90060039e-03  2.16326921e-02  6.85400692e-03  2.47973742e-02  9.39842277e-03  2.68579820e-02  
    9.60000000e-01  -2.75430953e-02  6.89684306e-03  -8.73996934e-03  2.59622123e-03  -8.58958934e-03  2.53846952e-03  -9.43196701e-02  4.43575845e-02  -8.75856413e-02  4.13504986e-02  -8.95445012e-02  4.25980068e-02  5.50907414e-03  2.14585696e-02  7.46086256e-03  2.45999613e-02  1.00003497e-02  2.66983525e-02  
    9.65000000e-01  -2.74003071e-02  6.91727118e-03  -8.83258096e-03  2.62387518e-03  -8.68879218e-03  2.56468215e-03  -9.38225160e-02  4.43553824e-02  -8.71979280e-02  4.12827928e-02  -8.92098815e-02  4.25443818e-02  6.13147280e-03  2.12328467e-02  8.07532133e-03  2.43422336e-02  1.06087533e-02  2.64754975e-02  
    9.70000000e-01  -2.72569822e-02  6.93898597e-03  -8.92221234e-03  2.65151302e-03  -8.78541704e-03  2.59053641e-03  -9.32994928e-02  4.43587935e-02  -8.67829246e-02  4.12246139e-02  -8.88457782e-02  4.24992423e-02  6.77040192e-03  2.09522100e-02  8.69245246e-03  2.40345257e-02  1.12195493e-02  2.61997747e-02  
    9.75000000e-01  -2.71132655e-02  6.96186565e-03  -9.00954688e-03  2.67966786e-03  -8.88000724e-03  2.61630073e-03  -9.27450461e-02  4.43643485e-02  -8.63337122e-02  4.11703315e-02  -8.84447148e-02  4.24564066e-02  7.42916240e-03  2.06345673e-02  9.32805246e-03  2.36902116e-02  1.18485238e-02  2.58852029e-02  
    9.80000000e-01  -2.69692413e-02  6.98574643e-03  -9.09421258e-03  2.70874685e-03  -8.97218015e-03  2.64220086e-03  -9.21667487e-02  4.43793000e-02  -8.58556351e-02  4.11252395e-02  -8.80122305e-02  4.24212858e-02  8.09782475e-03  2.02989689e-02  9.97409979e-03  2.33316092e-02  1.24873862e-02  2.55545876e-02  
    9.85000000e-01  -2.68248992e-02  7.01035724e-03  -9.17593687e-03  2.73913405e-03  -9.06167885e-03  2.66855574e-03  -9.15692418e-02  4.43990534e-02  -8.53553323e-02  4.10858927e-02  -8.75551176e-02  4.23902665e-02  8.78963401e-03  1.99686939e-02  1.06515981e-02  2.29744022e-02  1.31576562e-02  2.52243405e-02  
    9.90000000e-01  -2.66801030e-02  7.03523043e-03  -9.25458396e-03  2.77088070e-03  -9.14844243e-03  2.69568393e-03  -9.09575446e-02  4.44142220e-02  -8.48412639e-02  4.10423754e-02  -8.70824811e-02  4.23535517e-02  9.49084901e-03  1.96495567e-02  1.13584741e-02  2.26254490e-02  1.38565063e-02  2.49027926e-02  
    9.95000000e-01  -2.65346762e-02  7.05942672e-03  -9.33015960e-03  2.80315601e-03  -9.23267091e-03  2.72331511e-03  -9.03264867e-02  4.44157702e-02  -8.43086008e-02  4.09798108e-02  -8.65896910e-02  4.22968985e-02  1.02205274e-02  1.93276173e-02  1.21027674e-02  2.22744862e-02  1.45934538e-02  2.45798439e-02  
    1.00000000e+00  -2.63885210e-02  7.08215117e-03  -9.40285184e-03  2.83543080e-03  -9.31457284e-03  2.75106051e-03  -8.96751486e-02  4.43968820e-02  -8.37527488e-02  4.08913772e-02  -8.60719632e-02  4.22133724e-02  1.09878225e-02  1.90016645e-02  1.28806540e-02  2.19244383e-02  1.53642842e-02  2.42590980e-02  
